5.0
8.0
13.0
17.0
21.0
23.0
38.0
41.0
54.0
59.0
62.0
63.0
69.0
73.0
75.0
77.0
79.0
87.0
95.0
96.0
99.0
106.0
110.0
113.0
114.0
118.0
120.0
132.0
134.0
135.0
137.0
138.0
144.0
149.0
159.0
161.0
162.0
167.0
170.0
172.0
173.0
174.0
178.0
181.0
184.0
187.0
188.0
190.0
204.0
207.0
210.0
211.0
223.0
228.0
232.0
234.0
235.0
240.0
241.0
246.0
248.0
249.0
262.0
265.0
266.0
269.0
273.0
276.0
283.0
292.0
294.0
295.0
296.0
297.0
299.0
300.0
301.0
302.0
309.0
310.0
312.0
316.0
317.0
318.0
337.0
347.0
352.0
353.0
358.0
359.0
361.0
362.0
370.0
374.0
387.0
388.0
393.0
395.0
397.0
399.0
401.0
402.0
403.0
411.0
416.0
419.0
423.0
424.0
438.0
439.0
445.0
446.0
448.0
451.0
454.0
455.0
457.0
459.0
460.0
464.0
467.0
468.0
470.0
478.0
482.0
486.0
496.0
501.0
506.0
509.0
511.0
514.0
516.0
519.0
522.0
525.0
526.0
528.0
536.0
542.0
544.0
551.0
553.0
555.0
558.0
561.0
563.0
569.0
578.0
586.0
588.0
590.0
591.0
594.0
596.0
598.0
599.0
601.0
605.0
606.0
607.0
610.0
617.0
618.0
629.0
634.0
635.0
643.0
646.0
647.0
657.0
665.0
666.0
667.0
673.0
674.0
677.0
678.0
680.0
681.0
684.0
685.0
689.0
704.0
709.0
710.0
713.0
715.0
717.0
719.0
723.0
731.0
738.0
744.0
748.0
750.0
754.0
755.0
757.0
760.0
766.0
768.0
769.0
770.0
773.0
775.0
780.0
783.0
786.0
788.0
789.0
796.0
803.0
804.0
807.0
809.0
817.0
819.0
824.0
829.0
842.0
846.0
855.0
860.0
866.0
870.0
871.0
872.0
876.0
878.0
880.0
882.0
887.0
902.0
903.0
911.0
913.0
914.0
917.0
918.0
919.0
924.0
936.0
943.0
944.0
946.0
947.0
951.0
961.0
963.0
965.0
969.0
971.0
977.0
978.0
981.0
982.0
984.0
988.0
996.0
1000.0
1002.0
1003.0
1006.0
1007.0
1010.0
1011.0
1019.0
1022.0
1024.0
1025.0
1029.0
1030.0
1035.0
1037.0
1040.0
1042.0
1049.0
1056.0
1057.0
1060.0
1065.0
1066.0
1068.0
1072.0
1076.0
1077.0
1080.0
1082.0
1083.0
1086.0
1088.0
1089.0
1092.0
1093.0
1099.0
1105.0
1109.0
1111.0
1118.0
1121.0
1123.0
1125.0
1129.0
1136.0
1141.0
1149.0
1152.0
1165.0
1166.0
1177.0
1181.0
1185.0
1192.0
1193.0
1200.0
1206.0
1208.0
1211.0
1214.0
1216.0
1217.0
1221.0
1227.0
1228.0
1234.0
1240.0
1241.0
1244.0
1252.0
1253.0
1254.0
1269.0
1271.0
1274.0
1276.0
1306.0
1307.0
1308.0
1311.0
1316.0
1319.0
1320.0
1327.0
1329.0
1331.0
1333.0
1334.0
1335.0
1337.0
1345.0
1349.0
1353.0
1354.0
1356.0
1360.0
1362.0
1364.0
1373.0
1381.0
1382.0
1402.0
1403.0
1405.0
1410.0
1413.0
1419.0
1420.0
1430.0
1436.0
1440.0
1446.0
1448.0
1449.0
1450.0
1457.0
1462.0
1467.0
1468.0
1471.0
1477.0
1481.0
1484.0
1485.0
1487.0
1490.0
1492.0
1501.0
1502.0
1521.0
1522.0
1524.0
1526.0
1531.0
1532.0
1545.0
1551.0
1572.0
1573.0
1577.0
1578.0
1582.0
1590.0
1594.0
1599.0
1607.0
1608.0
1626.0
1629.0
1630.0
1631.0
1632.0
1633.0
1656.0
1657.0
1660.0
1662.0
1666.0
1669.0
1670.0
1672.0
1674.0
1678.0
1686.0
1690.0
1691.0
1695.0
1697.0
1699.0
1700.0
1703.0
1705.0
1707.0
1708.0
1713.0
1714.0
1718.0
1731.0
1746.0
1747.0
1763.0
1764.0
1765.0
1769.0
1773.0
1774.0
1779.0
1780.0
1782.0
1783.0
1784.0
1786.0
1795.0
1797.0
1799.0
1802.0
1803.0
1809.0
1810.0
1814.0
1815.0
1816.0
1818.0
1830.0
1832.0
1839.0
1848.0
1855.0
1859.0
1862.0
1864.0
1866.0
1872.0
1882.0
1886.0
1888.0
1889.0
1892.0
1893.0
1903.0
1914.0
1916.0
1917.0
1919.0
1927.0
1933.0
1934.0
1941.0
1944.0
1947.0
1949.0
1954.0
1957.0
1959.0
1962.0
1964.0
1965.0
1967.0
1979.0
1982.0
1987.0
2001.0
2005.0
