1.0
2.0
6.0
11.0
12.0
16.0
18.0
24.0
28.0
31.0
34.0
35.0
37.0
40.0
43.0
46.0
50.0
55.0
57.0
58.0
60.0
72.0
74.0
78.0
80.0
83.0
84.0
86.0
88.0
93.0
94.0
98.0
101.0
109.0
111.0
115.0
117.0
125.0
126.0
133.0
140.0
141.0
150.0
153.0
154.0
156.0
157.0
163.0
165.0
168.0
171.0
177.0
179.0
182.0
186.0
191.0
193.0
198.0
206.0
208.0
209.0
213.0
215.0
219.0
222.0
226.0
236.0
237.0
238.0
242.0
244.0
251.0
255.0
260.0
263.0
278.0
281.0
282.0
284.0
286.0
289.0
291.0
303.0
314.0
327.0
333.0
339.0
341.0
343.0
345.0
349.0
351.0
354.0
356.0
363.0
364.0
369.0
371.0
373.0
384.0
386.0
389.0
404.0
412.0
414.0
420.0
422.0
431.0
432.0
440.0
444.0
447.0
450.0
452.0
462.0
463.0
465.0
474.0
476.0
483.0
487.0
489.0
490.0
491.0
495.0
502.0
504.0
508.0
520.0
524.0
527.0
529.0
533.0
537.0
539.0
545.0
547.0
548.0
562.0
566.0
567.0
568.0
576.0
579.0
581.0
584.0
589.0
608.0
609.0
612.0
614.0
620.0
625.0
628.0
632.0
640.0
642.0
649.0
650.0
651.0
652.0
654.0
656.0
658.0
659.0
664.0
669.0
672.0
676.0
682.0
687.0
691.0
699.0
700.0
701.0
702.0
716.0
724.0
725.0
727.0
728.0
729.0
730.0
733.0
736.0
739.0
741.0
745.0
749.0
753.0
756.0
765.0
771.0
776.0
779.0
784.0
792.0
793.0
797.0
799.0
800.0
802.0
806.0
811.0
822.0
828.0
830.0
833.0
834.0
840.0
841.0
849.0
851.0
852.0
859.0
864.0
868.0
873.0
879.0
895.0
897.0
899.0
904.0
906.0
910.0
920.0
923.0
927.0
928.0
933.0
934.0
939.0
950.0
960.0
962.0
967.0
973.0
985.0
986.0
990.0
998.0
1005.0
1013.0
1016.0
1017.0
1018.0
1028.0
1046.0
1047.0
1048.0
1051.0
1054.0
1058.0
1062.0
1064.0
1070.0
1075.0
1084.0
1085.0
1087.0
1094.0
1097.0
1100.0
1101.0
1106.0
1119.0
1128.0
1130.0
1131.0
1134.0
1135.0
1138.0
1142.0
1143.0
1144.0
1148.0
1156.0
1157.0
1162.0
1164.0
1167.0
1168.0
1169.0
1171.0
1174.0
1186.0
1187.0
1190.0
1191.0
1195.0
1198.0
1202.0
1203.0
1209.0
1212.0
1213.0
1223.0
1226.0
1237.0
1238.0
1242.0
1245.0
1246.0
1247.0
1258.0
1260.0
1261.0
1262.0
1265.0
1267.0
1268.0
1278.0
1279.0
1281.0
1283.0
1284.0
1287.0
1295.0
1299.0
1304.0
1309.0
1313.0
1314.0
1321.0
1330.0
1339.0
1342.0
1350.0
1363.0
1366.0
1367.0
1370.0
1374.0
1375.0
1376.0
1378.0
1380.0
1383.0
1386.0
1387.0
1390.0
1391.0
1392.0
1393.0
1395.0
1398.0
1399.0
1404.0
1406.0
1407.0
1414.0
1417.0
1424.0
1427.0
1432.0
1434.0
1435.0
1437.0
1441.0
1442.0
1443.0
1447.0
1453.0
1454.0
1458.0
1461.0
1464.0
1466.0
1469.0
1473.0
1480.0
1497.0
1506.0
1507.0
1509.0
1510.0
1511.0
1514.0
1516.0
1518.0
1525.0
1530.0
1535.0
1537.0
1540.0
1547.0
1550.0
1553.0
1557.0
1558.0
1559.0
1562.0
1566.0
1567.0
1569.0
1574.0
1575.0
1576.0
1579.0
1581.0
1593.0
1595.0
1601.0
1604.0
1609.0
1611.0
1612.0
1621.0
1625.0
1637.0
1638.0
1639.0
1641.0
1643.0
1646.0
1647.0
1650.0
1651.0
1654.0
1655.0
1665.0
1673.0
1677.0
1679.0
1681.0
1683.0
1684.0
1685.0
1688.0
1692.0
1693.0
1696.0
1702.0
1706.0
1711.0
1715.0
1729.0
1730.0
1732.0
1735.0
1736.0
1737.0
1741.0
1742.0
1748.0
1753.0
1756.0
1759.0
1776.0
1777.0
1785.0
1787.0
1789.0
1790.0
1792.0
1796.0
1800.0
1801.0
1806.0
1812.0
1822.0
1823.0
1826.0
1829.0
1837.0
1841.0
1849.0
1852.0
1867.0
1874.0
1878.0
1879.0
1887.0
1896.0
1899.0
1904.0
1907.0
1910.0
1912.0
1920.0
1921.0
1922.0
1932.0
1936.0
1939.0
1942.0
1948.0
1951.0
1953.0
1961.0
1963.0
1968.0
1970.0
1971.0
1977.0
1978.0
1981.0
1983.0
1990.0
1991.0
1995.0
2006.0
