0.0
4.0
7.0
10.0
15.0
19.0
20.0
27.0
29.0
30.0
39.0
42.0
44.0
49.0
51.0
53.0
65.0
66.0
67.0
68.0
71.0
76.0
89.0
97.0
100.0
102.0
103.0
104.0
107.0
108.0
112.0
116.0
121.0
122.0
123.0
124.0
131.0
136.0
142.0
143.0
146.0
147.0
152.0
158.0
169.0
176.0
180.0
183.0
185.0
189.0
194.0
197.0
201.0
202.0
216.0
218.0
229.0
239.0
243.0
245.0
252.0
253.0
254.0
256.0
257.0
258.0
267.0
271.0
279.0
285.0
288.0
290.0
304.0
307.0
308.0
315.0
319.0
320.0
321.0
322.0
324.0
325.0
336.0
338.0
342.0
344.0
348.0
350.0
355.0
367.0
376.0
377.0
378.0
380.0
385.0
390.0
396.0
400.0
405.0
406.0
408.0
409.0
415.0
417.0
418.0
425.0
427.0
429.0
433.0
434.0
435.0
436.0
441.0
442.0
443.0
453.0
456.0
458.0
461.0
466.0
471.0
472.0
473.0
475.0
477.0
479.0
484.0
485.0
492.0
494.0
499.0
500.0
503.0
510.0
513.0
517.0
518.0
530.0
531.0
532.0
534.0
540.0
541.0
546.0
549.0
550.0
554.0
557.0
559.0
565.0
570.0
572.0
575.0
580.0
582.0
583.0
585.0
592.0
593.0
595.0
602.0
603.0
604.0
613.0
619.0
621.0
622.0
627.0
630.0
644.0
653.0
660.0
661.0
663.0
670.0
671.0
679.0
683.0
688.0
690.0
692.0
693.0
696.0
705.0
707.0
708.0
721.0
722.0
726.0
742.0
743.0
746.0
751.0
752.0
758.0
759.0
761.0
764.0
777.0
778.0
781.0
791.0
795.0
798.0
812.0
814.0
816.0
818.0
820.0
823.0
827.0
837.0
838.0
839.0
843.0
844.0
847.0
848.0
850.0
856.0
862.0
867.0
869.0
874.0
875.0
883.0
884.0
885.0
888.0
890.0
894.0
900.0
907.0
912.0
915.0
921.0
922.0
925.0
926.0
929.0
930.0
937.0
942.0
945.0
948.0
954.0
957.0
958.0
964.0
966.0
972.0
974.0
975.0
976.0
979.0
980.0
987.0
989.0
991.0
992.0
999.0
1004.0
1009.0
1014.0
1015.0
1026.0
1031.0
1034.0
1036.0
1041.0
1044.0
1050.0
1052.0
1055.0
1061.0
1067.0
1069.0
1079.0
1081.0
1090.0
1096.0
1103.0
1104.0
1107.0
1108.0
1112.0
1113.0
1114.0
1115.0
1116.0
1120.0
1122.0
1124.0
1126.0
1127.0
1133.0
1137.0
1140.0
1146.0
1151.0
1154.0
1158.0
1161.0
1163.0
1173.0
1175.0
1179.0
1180.0
1182.0
1183.0
1184.0
1188.0
1194.0
1197.0
1199.0
1205.0
1210.0
1215.0
1218.0
1219.0
1222.0
1225.0
1229.0
1230.0
1235.0
1239.0
1251.0
1257.0
1272.0
1273.0
1277.0
1282.0
1285.0
1288.0
1290.0
1292.0
1293.0
1297.0
1302.0
1310.0
1315.0
1323.0
1328.0
1336.0
1340.0
1341.0
1346.0
1347.0
1351.0
1357.0
1358.0
1359.0
1371.0
1372.0
1384.0
1394.0
1396.0
1400.0
1401.0
1415.0
1416.0
1425.0
1433.0
1438.0
1445.0
1456.0
1465.0
1470.0
1474.0
1483.0
1495.0
1496.0
1498.0
1513.0
1515.0
1517.0
1523.0
1527.0
1534.0
1536.0
1539.0
1543.0
1546.0
1548.0
1552.0
1555.0
1556.0
1560.0
1563.0
1564.0
1570.0
1571.0
1584.0
1588.0
1592.0
1596.0
1605.0
1610.0
1615.0
1617.0
1618.0
1619.0
1623.0
1624.0
1627.0
1628.0
1635.0
1640.0
1642.0
1648.0
1653.0
1667.0
1671.0
1680.0
1682.0
1687.0
1698.0
1701.0
1709.0
1710.0
1717.0
1720.0
1722.0
1723.0
1724.0
1726.0
1728.0
1738.0
1739.0
1743.0
1751.0
1752.0
1755.0
1757.0
1758.0
1760.0
1762.0
1766.0
1768.0
1771.0
1775.0
1778.0
1781.0
1788.0
1791.0
1798.0
1808.0
1811.0
1821.0
1824.0
1827.0
1828.0
1835.0
1836.0
1840.0
1843.0
1844.0
1845.0
1846.0
1850.0
1851.0
1854.0
1857.0
1858.0
1861.0
1869.0
1870.0
1871.0
1876.0
1877.0
1880.0
1884.0
1885.0
1891.0
1895.0
1898.0
1900.0
1902.0
1905.0
1908.0
1911.0
1913.0
1918.0
1925.0
1929.0
1935.0
1937.0
1938.0
1943.0
1946.0
1950.0
1974.0
1976.0
1980.0
1985.0
1986.0
1992.0
1996.0
1997.0
1998.0
2003.0
2007.0
