3.0
9.0
14.0
22.0
25.0
26.0
32.0
33.0
36.0
45.0
47.0
48.0
52.0
56.0
61.0
64.0
70.0
81.0
82.0
85.0
90.0
91.0
92.0
105.0
119.0
127.0
128.0
129.0
130.0
139.0
145.0
148.0
151.0
155.0
160.0
164.0
166.0
175.0
192.0
195.0
196.0
199.0
200.0
203.0
205.0
212.0
214.0
217.0
220.0
221.0
224.0
225.0
227.0
230.0
231.0
233.0
247.0
250.0
259.0
261.0
264.0
268.0
270.0
272.0
274.0
275.0
277.0
280.0
287.0
293.0
298.0
305.0
306.0
311.0
313.0
323.0
326.0
328.0
329.0
330.0
331.0
332.0
334.0
335.0
340.0
346.0
357.0
360.0
365.0
366.0
368.0
372.0
375.0
379.0
381.0
382.0
383.0
391.0
392.0
394.0
398.0
407.0
410.0
413.0
421.0
426.0
428.0
430.0
437.0
449.0
469.0
480.0
481.0
488.0
493.0
497.0
498.0
505.0
507.0
512.0
515.0
521.0
523.0
535.0
538.0
543.0
552.0
556.0
560.0
564.0
571.0
573.0
574.0
577.0
587.0
597.0
600.0
611.0
615.0
616.0
623.0
624.0
626.0
631.0
633.0
636.0
637.0
638.0
639.0
641.0
645.0
648.0
655.0
662.0
668.0
675.0
686.0
694.0
695.0
697.0
698.0
703.0
706.0
711.0
712.0
714.0
718.0
720.0
732.0
734.0
735.0
737.0
740.0
747.0
762.0
763.0
767.0
772.0
774.0
782.0
785.0
787.0
790.0
794.0
801.0
805.0
808.0
810.0
813.0
815.0
821.0
825.0
826.0
831.0
832.0
835.0
836.0
845.0
853.0
854.0
857.0
858.0
861.0
863.0
865.0
877.0
881.0
886.0
889.0
891.0
892.0
893.0
896.0
898.0
901.0
905.0
908.0
909.0
916.0
931.0
932.0
935.0
938.0
940.0
941.0
949.0
952.0
953.0
955.0
956.0
959.0
968.0
970.0
983.0
993.0
994.0
995.0
997.0
1001.0
1008.0
1012.0
1020.0
1021.0
1023.0
1027.0
1032.0
1033.0
1038.0
1039.0
1043.0
1045.0
1053.0
1059.0
1063.0
1071.0
1073.0
1074.0
1078.0
1091.0
1095.0
1098.0
1102.0
1110.0
1117.0
1132.0
1139.0
1145.0
1147.0
1150.0
1153.0
1155.0
1159.0
1160.0
1170.0
1172.0
1176.0
1178.0
1189.0
1196.0
1201.0
1204.0
1207.0
1220.0
1224.0
1231.0
1232.0
1233.0
1236.0
1243.0
1248.0
1249.0
1250.0
1255.0
1256.0
1259.0
1263.0
1264.0
1266.0
1270.0
1275.0
1280.0
1286.0
1289.0
1291.0
1294.0
1296.0
1298.0
1300.0
1301.0
1303.0
1305.0
1312.0
1317.0
1318.0
1322.0
1324.0
1325.0
1326.0
1332.0
1338.0
1343.0
1344.0
1348.0
1352.0
1355.0
1361.0
1365.0
1368.0
1369.0
1377.0
1379.0
1385.0
1388.0
1389.0
1397.0
1408.0
1409.0
1411.0
1412.0
1418.0
1421.0
1422.0
1423.0
1426.0
1428.0
1429.0
1431.0
1439.0
1444.0
1451.0
1452.0
1455.0
1459.0
1460.0
1463.0
1472.0
1475.0
1476.0
1478.0
1479.0
1482.0
1486.0
1488.0
1489.0
1491.0
1493.0
1494.0
1499.0
1500.0
1503.0
1504.0
1505.0
1508.0
1512.0
1519.0
1520.0
1528.0
1529.0
1533.0
1538.0
1541.0
1542.0
1544.0
1549.0
1554.0
1561.0
1565.0
1568.0
1580.0
1583.0
1585.0
1586.0
1587.0
1589.0
1591.0
1597.0
1598.0
1600.0
1602.0
1603.0
1606.0
1613.0
1614.0
1616.0
1620.0
1622.0
1634.0
1636.0
1644.0
1645.0
1649.0
1652.0
1658.0
1659.0
1661.0
1663.0
1664.0
1668.0
1675.0
1676.0
1689.0
1694.0
1704.0
1712.0
1716.0
1719.0
1721.0
1725.0
1727.0
1733.0
1734.0
1740.0
1744.0
1745.0
1749.0
1750.0
1754.0
1761.0
1767.0
1770.0
1772.0
1793.0
1794.0
1804.0
1805.0
1807.0
1813.0
1817.0
1819.0
1820.0
1825.0
1831.0
1833.0
1834.0
1838.0
1842.0
1847.0
1853.0
1856.0
1860.0
1863.0
1865.0
1868.0
1873.0
1875.0
1881.0
1883.0
1890.0
1894.0
1897.0
1901.0
1906.0
1909.0
1915.0
1923.0
1924.0
1926.0
1928.0
1930.0
1931.0
1940.0
1945.0
1952.0
1955.0
1956.0
1958.0
1960.0
1966.0
1969.0
1972.0
1973.0
1975.0
1984.0
1988.0
1989.0
1993.0
1994.0
1999.0
2000.0
2002.0
2004.0
